1722502290.292869
1722502290.301892
1722502290.333426
1722502290.364975
1722502290.397017
1722502290.428552
1722502290.460810
1722502290.492846
1722502290.524836
1722502290.556372
1722502290.604733
1722502290.637276
1722502290.668347
1722502290.700874
1722502290.731936
1722502290.764017
1722502290.796420
1722502290.828748
1722502290.860492
1722502290.892308
1722502290.923652
1722502290.957004
1722502291.004574
1722502291.036115
1722502291.068142
1722502291.099683
1722502291.132903
1722502291.163965
1722502291.197004
1722502291.228534
1722502291.260049
1722502291.291141
1722502291.324180
1722502291.356121
1722502291.404233
1722502291.435277
1722502291.468812
1722502291.500636
1722502291.530942
1722502291.564473
1722502291.596649
1722502291.627111
1722502291.660773
1722502291.691286
1722502291.723819
1722502291.755863
1722502291.833608
1722502291.842617
1722502291.867151
1722502291.899543
1722502291.931596
1722502291.963131
1722502291.994984
1722502292.025030
1722502292.059715
1722502292.091558
1722502292.123608
1722502292.155579
1722502292.204018
1722502292.236107
1722502292.266358
1722502292.299182
1722502292.331720
1722502292.363761
1722502292.396317
1722502292.427852
1722502292.459612
1722502292.491682
1722502292.523214
1722502292.555750
1722502292.603579
1722502292.635059
1722502292.667706
1722502292.698759
1722502292.731000
1722502292.766541
1722502292.798587
1722502292.828118
1722502292.862180
1722502292.894217
1722502292.926751
1722502292.957976
1722502293.005133
1722502293.036209
1722502293.068226
1722502293.103276
1722502293.134811
1722502293.167345
1722502293.198977
1722502293.231454
1722502293.262284
1722502293.296376
1722502293.327682
1722502293.358212
1722502293.406265
1722502293.439285
1722502293.470943
1722502293.502975
1722502293.535022
1722502293.568564
1722502293.599387
1722502293.632372
1722502293.664332
1722502293.694876
1722502293.727322
1722502293.758818
1722502293.807361
1722502293.838905
1722502293.870949
1722502293.902998
1722502293.935532
1722502293.968064
1722502293.999791
1722502294.031324
1722502294.062789
1722502294.095691
1722502294.127480
1722502294.160380
1722502294.209624
1722502294.242673
1722502294.273200
1722502294.303541
1722502294.337603
1722502294.369141
1722502294.399955
1722502294.465549
1722502294.477560
1722502294.496279
1722502294.527417
1722502294.561486
1722502294.606220
1722502294.639276
1722502294.672814
1722502294.702861
1722502294.735907
1722502294.770041
1722502294.801928
1722502294.835466
1722502294.864995
1722502294.897039
1722502294.929574
1722502294.961620
1722502295.011183
1722502295.041213
1722502295.073406
1722502295.103027
1722502295.135311
1722502295.167226
1722502295.199275
1722502295.230842
1722502295.263017
1722502295.294945
1722502295.329482
1722502295.361031
1722502295.408985
1722502295.439516
1722502295.473208
1722502295.502743
1722502295.535276
1722502295.566536
1722502295.599223
1722502295.630758
1722502295.662980
1722502295.694604
1722502295.727148
1722502295.761354
1722502295.813472
1722502295.841004
1722502295.871851
1722502295.908149
1722502295.937195
1722502295.967731
1722502296.001331
1722502296.031539
1722502296.065305
1722502296.097350
1722502296.127883
1722502296.159415
1722502296.210975
1722502296.243512
1722502296.274696
1722502296.307632
1722502296.337661
1722502296.371485
1722502296.403053
1722502296.433587
1722502296.465815
1722502296.495265
1722502296.527173
1722502296.559336
1722502296.606897
1722502296.641351
1722502296.673486
1722502296.707026
1722502296.737335
1722502296.769373
1722502296.801898
1722502296.833432
1722502296.864980
1722502296.897511
1722502296.931055
1722502296.962448
1722502297.007289
1722502297.038930
1722502297.071174
1722502297.103225
1722502297.134977
1722502297.167523
1722502297.199818
1722502297.231931
1722502297.262559
1722502297.297109
1722502297.327646
1722502297.360016
1722502297.407357
1722502297.439400
1722502297.471444
1722502297.503538
1722502297.537072
1722502297.567606
1722502297.599286
1722502297.632822
1722502297.663352
1722502297.695398
1722502297.728935
1722502297.759983
1722502297.807544
1722502297.841082
1722502297.871617
1722502297.903661
1722502297.937196
1722502297.968735
1722502298.001054
1722502298.031095
1722502298.064935
1722502298.095605
1722502298.127136
1722502298.160676
1722502298.209751
1722502298.242789
1722502298.273332
1722502298.305382
1722502298.337920
1722502298.372025
1722502298.402066
1722502298.432843
1722502298.465027
1722502298.497230
1722502298.529280
1722502298.561182
1722502298.609673
1722502298.641728
1722502298.673655
1722502298.706712
1722502298.738255
1722502298.770414
1722502298.801989
1722502298.833724
1722502298.866270
1722502298.898416
1722502298.930535
1722502298.961580
1722502299.008639
1722502299.039173
1722502299.071708
1722502299.103746
1722502299.136443
1722502299.167474
1722502299.201260
1722502299.231794
1722502299.263328
1722502299.298373
1722502299.330422
1722502299.362954
1722502299.409042
1722502299.441577
1722502299.471617
1722502299.504666
1722502299.535197
1722502299.568623
1722502299.599180
1722502299.632924
1722502299.662958
1722502299.695015
1722502299.728102
1722502299.758918
1722502299.807587
1722502299.838629
1722502299.870940
1722502299.902921
1722502299.936455
1722502299.967165
1722502300.000843
1722502300.033013
1722502300.063019
1722502300.095577
1722502300.127208
1722502300.161352
1722502300.209417
1722502300.240956
1722502300.273105
1722502300.305153
1722502300.335684
1722502300.368168
1722502300.401954
1722502300.432493
1722502300.466914
1722502300.495949
1722502300.527484
1722502300.561535
1722502300.609090
1722502300.640626
1722502300.675162
1722502300.705199
1722502300.737732
1722502300.769265
1722502300.802454
1722502300.834989
1722502300.866534
1722502300.898577
1722502300.929112
1722502300.961646
1722502301.009081
1722502301.038904
1722502301.071441
1722502301.102980
1722502301.135026
1722502301.167580
1722502301.200635
1722502301.232172
1722502301.262730
1722502301.295828
1722502301.330876
1722502301.362206
1722502301.407267
1722502301.439317
1722502301.472856
1722502301.503405
1722502301.534953
1722502301.567417
1722502301.599510
1722502301.631043
1722502301.662968
1722502301.695502
1722502301.727157
1722502301.759044
1722502301.807498
1722502301.840544
1722502301.872486
1722502301.902930
1722502301.935375
1722502301.966043
1722502301.999589
1722502302.033124
1722502302.063657
1722502302.096707
1722502302.129246
1722502302.176343
1722502302.207907
1722502302.242045
1722502302.273448
1722502302.305509
1722502302.339577
1722502302.371276
1722502302.403903
1722502302.431432
1722502302.463894
1722502302.496524
1722502302.527054
1722502302.575037
1722502302.606150
1722502302.641199
1722502302.674736
1722502302.706564
1722502302.738154
1722502302.770690
1722502302.802223
1722502302.833754
1722502302.866501
1722502302.897545
1722502302.930393
1722502302.962792
1722502303.008844
1722502303.040379
1722502303.072762
1722502303.103764
1722502303.137308
1722502303.167337
1722502303.199383
1722502303.231915
1722502303.264001
1722502303.296388
1722502303.330487
1722502303.360977
1722502303.406978
1722502303.439426
1722502303.470999
1722502303.505175
1722502303.535711
1722502303.567244
1722502303.600292
1722502303.631825
1722502303.665361
1722502303.696908
1722502303.727440
1722502303.761489
1722502303.807883
1722502303.839415
1722502303.871950
1722502303.903605
1722502303.936304
1722502303.967839
1722502304.000390
1722502304.031509
1722502304.062926
1722502304.096386
1722502304.126808
1722502304.177860
1722502304.207909
1722502304.242863
1722502304.275382
1722502304.307907
1722502304.338382
1722502304.370160
1722502304.401392
1722502304.432431
1722502304.463219
1722502304.496583
1722502304.527129
1722502304.575184
1722502304.608742
1722502304.640279
1722502304.674815
1722502304.706856
1722502304.738392
1722502304.768924
1722502304.801961
1722502304.833584
1722502304.864375
1722502304.897945
1722502304.929478
1722502304.977518
1722502305.009557
1722502305.041429
1722502305.072510
1722502305.103557
1722502305.136599
1722502305.168674
1722502305.198715
1722502305.231761
1722502305.263295
1722502305.295833
1722502305.330373
1722502305.377111
1722502305.409156
1722502305.440573
1722502305.473109
1722502305.503746
1722502305.537281
1722502305.567348
1722502305.599596
1722502305.630640
1722502305.663092
1722502305.695132
1722502305.779921
1722502305.793464
1722502305.808481
1722502305.839533
1722502305.872067
1722502305.903540
1722502305.936589
1722502305.967876
1722502306.000636
1722502306.032168
1722502306.064187
1722502306.095222
1722502306.126765
1722502306.160053
1722502306.209773
1722502306.240306
1722502306.273359
1722502306.304579
1722502306.337718
1722502306.368198
1722502306.400315
1722502306.432599
1722502306.464615
1722502306.495332
1722502306.528397
1722502306.560439
1722502306.607983
1722502306.640032
1722502306.672565
1722502306.701673
1722502306.736730
1722502306.770265
1722502306.801593
1722502306.833649
1722502306.864695
1722502306.902345
1722502306.930999
1722502306.962000
1722502307.006830
1722502307.039057
1722502307.071611
1722502307.103052
1722502307.133893
1722502307.166097
1722502307.199912
1722502307.231022
1722502307.262224
1722502307.295968
1722502307.327525
1722502307.375801
1722502307.407055
1722502307.439737
1722502307.472557
1722502307.502430
1722502307.536508
1722502307.567277
1722502307.600121
1722502307.631103
1722502307.663550
1722502307.695248
1722502307.728812
1722502307.759489
1722502307.807472
1722502307.839107
1722502307.872363
1722502307.903141
1722502307.935232
1722502307.968437
1722502307.998947
1722502308.031066
1722502308.063059
1722502308.095083
1722502308.126217
1722502308.176926
1722502308.208111
1722502308.242729
1722502308.272904
1722502308.308012
1722502308.339046
1722502308.368744
1722502308.400800
1722502308.432871
1722502308.464414
1722502308.512137
1722502308.543450
1722502308.574867
1722502308.607907
1722502308.640135
1722502308.672679
1722502308.706257
1722502308.737339
1722502308.768880
1722502308.802922
1722502308.836457
1722502308.866988
1722502308.912792
1722502308.945326
1722502308.978862
1722502309.007921
1722502309.043468
1722502309.072611
1722502309.105663
1722502309.137197
1722502309.168278
1722502309.199872
1722502309.231422
1722502309.265954
1722502309.313015
1722502309.344549
1722502309.376575
1722502309.408890
1722502309.440467
1722502309.472522
1722502309.506003
1722502309.537086
1722502309.568619
1722502309.601676
1722502309.632713
1722502309.664094
1722502309.714497
1722502309.744035
1722502309.776571
1722502309.808841
1722502309.840263
1722502309.872819
1722502309.904087
1722502309.936658
1722502309.969194
1722502310.002239
1722502310.033313
1722502310.064364
1722502310.115789
1722502310.146324
1722502310.177810
1722502310.212862
1722502310.242094
1722502310.308408
1722502310.322618
1722502310.339645
1722502310.370263
1722502310.401350
1722502310.432816
1722502310.465417
1722502310.511966
1722502310.545270
1722502310.576810
1722502310.607877
1722502310.640414
1722502310.673454
1722502310.706802
1722502310.738157
1722502310.769320
1722502310.803378
1722502310.835938
1722502310.867191
1722502310.913239
1722502310.945266
1722502310.976557
1722502311.008611
1722502311.041146
1722502311.072225
1722502311.103834
1722502311.135357
1722502311.168397
1722502311.199859
1722502311.230733
1722502311.262767
1722502311.312925
1722502311.345459
1722502311.376995
1722502311.408976
1722502311.440518
1722502311.472565
1722502311.504605
1722502311.537409
1722502311.568343
1722502311.601412
1722502311.633632
1722502311.665170
1722502311.714811
1722502311.745675
1722502311.777210
1722502311.809250
1722502311.840783
1722502311.872835
1722502311.904597
1722502311.936648
1722502311.968184
1722502311.999308
1722502312.033030
1722502312.064584
1722502312.115827
1722502312.147361
1722502312.179408
1722502312.210816
1722502312.242890
1722502312.275918
1722502312.306962
1722502312.337496
1722502312.370029
1722502312.402371
1722502312.433409
1722502312.464457
1722502312.512129
1722502312.543183
1722502312.576718
1722502312.609751
1722502312.641356
1722502312.673392
1722502312.705727
1722502312.738810
1722502312.770329
1722502312.802921
1722502312.835698
1722502312.867100
1722502312.913168
1722502312.944765
1722502312.976806
1722502313.008357
1722502313.040477
1722502313.072019
1722502313.104031
1722502313.136091
1722502313.169178
1722502313.201728
1722502313.232071
1722502313.264597
1722502313.312667
1722502313.344702
1722502313.376926
1722502313.408971
1722502313.440516
1722502313.471740
1722502313.504789
1722502313.536354
1722502313.568894
1722502313.601456
1722502313.632790
1722502313.663326
1722502313.712912
1722502313.745013
1722502313.776913
1722502313.807959
1722502313.840655
1722502313.872698
1722502313.903253
1722502313.936719
1722502313.968788
1722502313.999873
1722502314.032426
1722502314.064195
1722502314.113765
1722502314.145297
1722502314.177481
1722502314.209594
1722502314.243129
1722502314.274175
1722502314.306803
1722502314.338586
1722502314.368807
1722502314.399339
1722502314.431390
1722502314.463431
1722502314.513500
1722502314.544601
1722502314.575712
1722502314.609782
1722502314.641320
1722502314.672145
1722502314.706386
1722502314.734914
1722502314.770973
1722502314.803426
1722502314.834962
1722502314.868497
1722502314.912548
1722502314.945175
1722502314.976717
1722502315.008811
1722502315.040777
1722502315.072801
1722502315.104875
1722502315.136914
1722502315.168454
1722502315.200592
1722502315.232632
1722502315.315008
1722502315.328521
1722502315.345537
1722502315.377072
1722502315.409112
1722502315.440941
1722502315.471123
1722502315.505124
1722502315.536662
1722502315.569196
1722502315.600741
1722502315.632790
1722502315.664331
1722502315.714282
1722502315.743315
1722502315.777361
1722502315.809411
1722502315.840433
1722502315.873002
1722502315.904591
1722502315.937171
1722502315.967707
1722502316.001246
1722502316.032821
1722502316.063355
1722502316.113824
1722502316.147355
1722502316.177567
1722502316.210715
1722502316.242771
1722502316.275306
1722502316.308924
1722502316.338453
1722502316.370987
1722502316.401520
1722502316.433573
1722502316.464648
1722502316.511505
1722502316.545265
1722502316.576728
1722502316.644402
1722502316.657422
1722502316.672988
1722502316.705592
1722502316.739129
1722502316.771215
1722502316.802749
1722502316.835708
1722502316.866665
1722502316.913733
1722502316.944264
1722502316.976799
1722502317.007478
1722502317.041015
1722502317.071984
1722502317.104965
1722502317.137002
1722502317.168534
1722502317.200069
1722502317.233107
1722502317.265150
1722502317.312710
1722502317.344762
1722502317.376314
1722502317.407587
1722502317.440626
1722502317.472674
1722502317.504208
1722502317.537237
1722502317.568284
1722502317.600812
1722502317.632754
1722502317.666303
1722502317.714893
1722502317.744951
1722502317.777092
1722502317.809130
1722502317.840673
1722502317.872738
1722502317.904264
1722502317.936550
1722502317.968602
1722502318.000135
1722502318.033193
1722502318.064138
1722502318.114200
1722502318.146230
1722502318.179544
1722502318.211078
1722502318.243031
1722502318.275083
1722502318.307136
1722502318.339682
1722502318.370207
1722502318.401737
1722502318.433311
1722502318.464718
1722502318.511972
1722502318.545506
1722502318.576446
1722502318.608497
1722502318.641056
1722502318.672593
1722502318.706639
1722502318.737036
1722502318.771086
1722502318.802242
1722502318.834799
1722502318.866866
1722502318.911932
1722502318.944985
1722502318.976508
1722502319.008392
1722502319.040952
1722502319.071998
1722502319.103550
1722502319.137093
1722502319.168623
1722502319.200673
1722502319.231212
1722502319.265086
1722502319.311813
1722502319.344839
1722502319.377034
1722502319.408581
1722502319.440625
1722502319.472652
1722502319.504808
1722502319.537172
1722502319.568707
1722502319.600753
1722502319.632839
1722502319.664906
1722502319.714484
1722502319.746006
1722502319.776539
1722502319.808599
1722502319.840671
1722502319.872735
1722502319.905267
1722502319.936591
1722502319.968422
1722502320.000763
1722502320.033313
1722502320.065010
1722502320.114378
1722502320.146940
1722502320.178479
1722502320.210924
1722502320.242964
1722502320.273494
1722502320.306025
1722502320.338043
1722502320.370084
1722502320.402227
1722502320.433072
1722502320.464615
1722502320.512252
1722502320.543812
1722502320.575452
1722502320.609491
1722502320.639530
1722502320.673575
1722502320.706634
1722502320.738683
1722502320.772221
1722502320.802438
1722502320.835971
1722502320.866662
1722502320.911225
1722502320.944790
1722502320.976826
1722502321.008850
1722502321.040402
1722502321.072860
1722502321.103890
1722502321.137291
1722502321.167840
1722502321.200376
1722502321.231961
1722502321.264995
1722502321.312076
1722502321.344782
1722502321.377319
1722502321.409083
1722502321.441218
1722502321.472922
1722502321.504985
1722502321.536087
1722502321.568620
1722502321.600717
1722502321.632292
1722502321.664717
1722502321.714318
1722502321.744855
1722502321.777631
1722502321.809168
1722502321.841056
1722502321.872718
1722502321.904397
1722502321.935440
1722502321.968977
1722502322.001015
1722502322.031238
1722502322.067285
1722502322.113861
1722502322.144393
1722502322.179938
1722502322.210724
1722502322.242545
1722502322.275213
1722502322.307751
1722502322.339725
1722502322.371214
1722502322.399899
1722502322.432434
1722502322.465013
1722502322.512382
1722502322.545557
1722502322.576113
1722502322.609689
1722502322.639998
1722502322.676209
1722502322.707756
1722502322.737828
1722502322.770275
1722502322.801613
1722502322.833650
1722502322.867184
1722502322.912766
1722502322.944860
1722502322.977889
1722502323.009929
1722502323.041470
1722502323.073515
1722502323.103550
1722502323.137343
1722502323.168523
1722502323.200586
1722502323.231617
1722502323.264295
1722502323.313112
1722502323.345424
1722502323.376485
1722502323.409032
1722502323.440582
1722502323.472529
1722502323.505064
1722502323.537114
1722502323.569140
1722502323.600672
1722502323.632212
1722502323.664924
1722502323.713212
1722502323.745745
1722502323.776268
1722502323.808469
1722502323.840063
1722502323.873601
1722502323.905134
1722502323.936683
1722502323.968727
1722502324.000969
1722502324.032264
1722502324.064816
1722502324.114375
1722502324.145912
1722502324.178450
1722502324.210490
1722502324.242862
1722502324.274399
1722502324.307799
1722502324.338338
1722502324.370887
1722502324.401641
1722502324.433311
1722502324.464845
1722502324.513394
1722502324.544001
1722502324.576554
1722502324.608093
1722502324.639242
1722502324.672189
1722502324.706743
1722502324.738285
1722502324.769827
1722502324.802361
1722502324.834301
1722502324.865839
1722502324.912443
1722502324.944978
1722502324.976512
1722502325.009045
1722502325.040042
1722502325.072595
1722502325.103638
1722502325.137189
1722502325.168276
1722502325.199861
1722502325.231916
1722502325.264987
1722502325.313043
1722502325.344588
1722502325.375410
1722502325.410732
1722502325.440692
1722502325.472721
1722502325.505283
1722502325.536680
1722502325.567225
1722502325.600571
1722502325.632884
1722502325.664901
1722502325.712426
1722502325.744515
1722502325.777044
1722502325.808532
1722502325.872777
1722502325.885993
1722502325.905010
1722502325.937059
1722502325.969581
1722502326.003122
1722502326.034719
1722502326.065143
1722502326.113889
1722502326.146423
1722502326.178504
1722502326.211039
1722502326.242139
1722502326.274676
1722502326.308481
1722502326.339524
1722502326.370919
1722502326.402036
1722502326.433836
1722502326.465370
1722502326.512943
1722502326.544199
1722502326.576746
1722502326.609277
1722502326.640987
1722502326.672519
1722502326.706853
1722502326.738112
1722502326.770097
1722502326.802638
1722502326.834142
1722502326.880692
1722502326.911243
1722502326.945295
1722502326.978161
1722502327.009694
1722502327.042241
1722502327.074775
1722502327.104804
1722502327.137018
1722502327.168600
1722502327.200200
1722502327.232738
1722502327.281293
1722502327.312338
1722502327.344379
1722502327.376914
1722502327.409051
1722502327.440111
1722502327.472815
1722502327.504874
1722502327.536711
1722502327.569010
1722502327.600662
1722502327.632912
1722502327.683466
1722502327.714675
1722502327.743212
1722502327.777265
1722502327.808247
1722502327.841378
1722502327.872908
1722502327.905176
1722502327.937206
1722502327.968739
1722502328.000280
1722502328.032315
1722502328.082878
1722502328.112785
1722502328.147793
1722502328.180333
1722502328.212673
1722502328.242706
1722502328.274404
1722502328.306942
1722502328.339249
1722502328.370792
1722502328.402252
1722502328.433786
1722502328.480374
1722502328.511909
1722502328.544446
1722502328.575888
1722502328.607947
1722502328.640152
1722502328.674223
1722502328.707773
1722502328.739115
1722502328.769658
1722502328.803387
1722502328.836425
1722502328.880964
1722502328.912714
1722502328.943760
1722502328.976314
1722502329.008737
1722502329.040778
1722502329.072323
1722502329.104860
1722502329.136338
1722502329.168975
1722502329.200520
1722502329.231565
1722502329.280115
1722502329.312649
1722502329.344645
1722502329.376690
1722502329.408468
1722502329.439522
1722502329.471570
1722502329.504121
1722502329.536176
1722502329.568642
1722502329.600448
1722502329.632987
1722502329.684282
1722502329.711417
1722502329.745977
1722502329.777062
1722502329.842765
1722502329.855789
1722502329.872812
1722502329.905343
1722502329.936406
1722502329.968847
1722502330.000888
1722502330.032909
1722502330.082481
1722502330.113022
1722502330.146023
1722502330.178557
1722502330.210599
1722502330.244126
1722502330.275216
1722502330.307284
1722502330.340341
1722502330.371015
1722502330.402119
1722502330.433165
1722502330.481138
1722502330.512262
1722502330.545300
1722502330.576840
1722502330.608376
1722502330.640913
1722502330.672451
1722502330.705988
1722502330.737358
1722502330.770637
1722502330.801182
1722502330.834797
1722502330.880827
1722502330.912368
1722502330.943409
1722502330.977039
1722502331.007573
1722502331.040615
1722502331.072100
1722502331.103633
1722502331.137062
1722502331.168594
1722502331.199676
1722502331.231833
1722502331.280655
1722502331.312193
1722502331.344721
1722502331.376793
1722502331.408328
1722502331.440627
1722502331.472433
1722502331.504629
1722502331.537175
1722502331.569202
1722502331.600734
1722502331.632792
1722502331.682822
1722502331.714647
1722502331.745463
1722502331.776268
1722502331.808615
1722502331.841253
1722502331.872974
1722502331.904176
1722502331.936919
1722502331.968453
1722502332.000914
1722502332.032994
1722502332.083704
1722502332.114780
1722502332.147372
1722502332.179913
1722502332.210417
1722502332.242963
1722502332.274911
1722502332.307445
1722502332.339275
1722502332.369312
1722502332.401949
1722502332.433620
1722502332.480747
1722502332.512295
1722502332.545341
1722502332.576883
1722502332.609019
1722502332.640368
1722502332.673905
1722502332.706447
1722502332.737002
1722502332.770535
1722502332.802208
1722502332.835775
1722502332.880359
1722502332.912405
1722502332.944449
1722502332.975498
1722502333.008031
1722502333.040061
1722502333.072778
1722502333.103642
1722502333.137233
1722502333.168426
1722502333.199944
1722502333.232989
1722502333.281045
1722502333.312577
1722502333.344132
1722502333.376184
1722502333.409229
1722502333.440535
1722502333.472227
1722502333.504763
1722502333.536806
1722502333.568350
1722502333.600356
1722502333.633048
1722502333.683635
1722502333.712409
1722502333.745451
1722502333.776982
1722502333.808578
1722502333.840464
1722502333.871997
1722502333.905017
1722502333.936066
1722502333.968491
1722502334.000029
1722502334.034089
1722502334.082813
1722502334.113102
1722502334.146164
1722502334.178213
1722502334.210613
1722502334.244165
1722502334.274255
1722502334.307366
1722502334.339619
1722502334.371153
1722502334.401407
1722502334.433726
1722502334.481099
1722502334.512650
1722502334.544182
1722502334.576228
1722502334.609771
1722502334.640264
1722502334.673317
1722502334.707850
1722502334.736907
1722502334.770448
1722502334.802485
1722502334.833542
1722502334.881100
1722502334.912942
1722502334.943992
1722502334.975529
1722502335.009064
1722502335.040642
1722502335.072690
1722502335.104724
1722502335.137051
1722502335.168097
1722502335.200485
1722502335.232175
1722502335.280636
1722502335.312168
1722502335.344771
1722502335.377202
1722502335.409080
1722502335.440688
1722502335.472131
1722502335.504159
1722502335.537219
1722502335.568190
1722502335.600742
1722502335.632269
1722502335.683206
1722502335.714280
1722502335.745818
1722502335.777199
1722502335.808915
1722502335.840421
1722502335.872451
1722502335.904917
1722502335.935568
1722502335.968602
1722502336.000147
1722502336.033201
1722502336.082088
1722502336.114187
1722502336.147326
1722502336.178290
1722502336.210825
1722502336.242872
1722502336.272083
1722502336.305614
1722502336.338580
1722502336.369163
1722502336.399409
1722502336.432648
1722502336.480936
1722502336.512171
1722502336.543497
1722502336.574573
1722502336.608113
1722502336.640185
1722502336.672199
1722502336.707737
1722502336.738778
1722502336.770310
1722502336.802718
1722502336.834434
1722502336.867071
1722502336.912764
1722502336.944691
1722502336.976723
1722502337.007896
1722502337.039433
1722502337.072476
1722502337.103516
1722502337.137306
1722502337.167277
1722502337.199813
1722502337.231912
1722502337.279976
1722502337.312511
1722502337.345568
1722502337.377103
1722502337.408639
1722502337.440372
1722502337.471911
1722502337.505013
1722502337.535440
1722502337.567502
1722502337.599648
1722502337.632568
1722502337.680701
1722502337.712730
1722502337.745612
1722502337.777145
1722502337.808568
1722502337.840913
1722502337.872539
1722502337.904066
1722502337.936144
1722502337.968687
1722502338.000828
1722502338.032066
1722502338.081147
1722502338.115691
1722502338.147066
1722502338.178600
1722502338.211133
1722502338.244158
1722502338.274064
1722502338.307607
1722502338.339651
1722502338.370704
1722502338.402063
1722502338.434116
1722502338.480691
1722502338.512234
1722502338.544325
1722502338.576062
1722502338.607891
1722502338.639309
1722502338.672364
1722502338.705901
1722502338.738960
1722502338.769109
1722502338.801644
1722502338.835445
1722502338.880992
1722502338.911532
1722502338.944067
1722502338.976100
1722502339.008149
1722502339.039412
1722502339.072169
1722502339.103161
1722502339.137166
1722502339.167551
1722502339.199598
1722502339.231765
1722502339.280530
1722502339.312573
1722502339.344714
1722502339.376763
1722502339.408300
1722502339.442349
1722502339.472879
1722502339.503421
1722502339.538693
1722502339.568224
1722502339.599494
1722502339.632097
1722502339.682174
1722502339.712950
1722502339.744070
1722502339.776604
1722502339.808692
1722502339.840730
1722502339.872166
1722502339.904703
1722502339.936746
1722502339.968804
1722502340.000340
1722502340.031397
1722502340.081550
1722502340.113098
1722502340.147151
1722502340.178268
1722502340.210552
1722502340.244098
1722502340.276049
1722502340.307589
1722502340.339634
1722502340.370165
1722502340.401702
1722502340.432749
1722502340.480803
1722502340.512146
1722502340.544190
1722502340.576738
1722502340.607040
1722502340.641084
1722502340.672043
1722502340.705665
1722502340.737374
1722502340.770418
1722502340.801642
1722502340.834704
1722502340.913172
1722502340.927194
1722502340.944217
1722502340.975749
1722502341.008693
1722502341.040239
1722502341.072285
1722502341.104828
1722502341.135219
1722502341.167275
1722502341.198843
1722502341.232394
1722502341.279948
1722502341.311541
1722502341.344081
1722502341.376128
1722502341.408654
1722502341.441221
1722502341.472756
1722502341.505297
1722502341.536478
1722502341.568554
1722502341.599574
1722502341.633243
1722502341.683030
1722502341.711564
1722502341.745636
1722502341.777176
1722502341.808224
1722502341.839759
1722502341.873298
1722502341.903385
1722502341.970964
1722502341.984144
1722502341.999159
1722502342.030665
1722502342.082806
1722502342.114852
1722502342.145936
1722502342.179365
1722502342.210891
1722502342.242834
1722502342.274027
1722502342.307562
1722502342.339348
1722502342.371197
1722502342.401731
1722502342.431337
1722502342.480904
1722502342.512036
1722502342.544588
1722502342.575635
1722502342.608022
1722502342.641068
1722502342.672600
1722502342.706146
1722502342.738203
1722502342.770236
1722502342.802290
1722502342.834343
1722502342.880658
1722502342.912191
1722502342.944313
1722502342.976861
1722502343.007901
1722502343.039475
1722502343.072521
1722502343.103588
1722502343.137177
1722502343.168714
1722502343.200119
1722502343.232102
1722502343.279513
1722502343.313048
1722502343.344514
1722502343.375054
1722502343.407598
1722502343.441135
1722502343.472487
1722502343.505027
1722502343.536028
1722502343.568624
1722502343.599538
1722502343.632151
1722502343.683239
1722502343.714775
1722502343.744806
1722502343.776351
1722502343.808202
1722502343.840247
1722502343.872474
1722502343.905008
1722502343.971253
1722502343.984767
1722502344.000784
1722502344.031694
1722502344.080748
1722502344.112796
1722502344.146371
1722502344.178017
1722502344.210552
1722502344.242674
1722502344.274026
1722502344.307564
1722502344.339388
1722502344.370934
1722502344.400965
1722502344.433016
1722502344.480845
1722502344.512914
1722502344.543484
1722502344.574563
1722502344.608099
1722502344.641147
1722502344.672269
1722502344.706495
1722502344.736545
1722502344.771918
1722502344.802458
1722502344.835500
1722502344.880422
1722502344.911470
1722502344.944003
1722502344.977047
1722502344.992084
1722502345.040663
1722502345.072195
1722502345.104741
1722502345.136221
1722502345.168319
1722502345.200580
1722502345.232078
1722502345.280621
1722502345.312666
1722502345.344607
1722502345.377149
1722502345.408217
1722502345.440385
1722502345.472445
1722502345.504977
1722502345.537018
1722502345.568556
1722502345.600609
1722502345.632730
1722502345.682555
1722502345.711604
1722502345.746367
1722502345.777400
1722502345.808137
1722502345.839857
1722502345.871937
1722502345.903478
1722502345.935543
1722502345.967426
1722502346.000607
1722502346.030682
1722502346.080742
1722502346.111789
1722502346.146344
1722502346.179881
1722502346.211415
1722502346.241997
1722502346.274535
1722502346.307033
1722502346.339415
1722502346.371950
1722502346.401489
1722502346.433190
1722502346.480746
1722502346.512271
1722502346.544331
1722502346.576891
1722502346.606767
1722502346.640932
1722502346.672459
1722502346.705622
1722502346.737492
1722502346.769985
1722502346.802665
1722502346.834763
1722502346.881884
1722502346.912480
1722502346.943505
1722502346.975536
1722502347.007550
1722502347.040599
1722502347.072774
1722502347.103789
1722502347.135329
1722502347.168322
1722502347.199853
1722502347.232909
1722502347.279919
1722502347.312451
1722502347.344484
1722502347.376034
1722502347.408566
1722502347.440805
1722502347.472857
1722502347.504675
1722502347.535733
1722502347.568759
1722502347.600796
1722502347.632849
1722502347.682986
1722502347.712515
1722502347.744672
1722502347.777043
1722502347.808573
1722502347.840748
1722502347.872283
1722502347.904817
1722502347.937863
1722502347.968396
1722502348.000929
1722502348.032512
1722502348.082000
1722502348.113094
1722502348.147142
1722502348.179188
1722502348.209702
1722502348.242738
1722502348.273973
1722502348.308381
1722502348.339467
1722502348.370992
1722502348.402528
1722502348.432558
1722502348.480949
1722502348.513008
1722502348.544445
1722502348.576875
1722502348.607948
1722502348.640984
1722502348.672475
1722502348.706566
1722502348.737969
1722502348.770045
1722502348.802083
1722502348.835622
1722502348.880999
1722502348.912681
1722502348.944242
1722502348.976775
1722502349.008298
1722502349.040858
1722502349.072421
1722502349.104727
1722502349.136982
1722502349.168317
1722502349.200437
1722502349.232962
1722502349.281527
1722502349.313061
1722502349.344104
1722502349.376147
1722502349.408201
1722502349.440504
1722502349.471500
1722502349.505040
1722502349.536486
1722502349.569023
1722502349.600556
1722502349.633602
1722502349.681176
1722502349.713711
1722502349.743754
1722502349.777292
1722502349.808560
1722502349.840826
1722502349.871367
1722502349.904136
1722502349.936700
1722502349.968238
1722502349.999490
1722502350.031963
1722502350.082467
1722502350.114003
1722502350.144818
1722502350.178535
1722502350.209586
1722502350.243160
1722502350.274061
1722502350.306515
1722502350.339007
1722502350.371233
1722502350.402093
1722502350.434134
1722502350.480191
1722502350.545957
1722502350.558970
1722502350.575487
1722502350.608022
1722502350.640146
1722502350.673235
1722502350.703767
1722502350.738322
1722502350.770070
1722502350.800604
1722502350.836151
1722502350.880873
1722502350.912695
1722502350.944473
1722502350.976025
1722502351.007049
1722502351.040389
1722502351.071919
1722502351.103452
1722502351.136209
1722502351.168439
1722502351.199970
1722502351.232052
1722502351.281133
1722502351.311668
1722502351.344592
1722502351.376946
1722502351.410001
1722502351.441254
1722502351.471807
1722502351.503504
1722502351.537054
1722502351.568598
1722502351.600644
1722502351.632246
1722502351.683319
1722502351.713865
1722502351.745402
1722502351.777180
1722502351.809167
1722502351.840088
1722502351.872136
1722502351.904146
1722502351.935654
1722502351.968207
1722502351.999753
1722502352.032809
1722502352.081841
1722502352.113375
1722502352.146150
1722502352.179196
1722502352.210728
1722502352.243784
1722502352.273936
1722502352.340941
1722502352.353951
1722502352.368469
1722502352.401940
1722502352.432987
1722502352.481139
1722502352.512226
1722502352.543368
1722502352.575633
1722502352.608057
1722502352.641102
1722502352.671633
1722502352.705589
1722502352.738503
1722502352.770039
1722502352.801573
1722502352.882683
1722502352.897201
1722502352.913217
1722502352.943442
1722502352.976078
1722502353.008557
1722502353.039618
1722502353.071156
1722502353.104829
1722502353.134872
1722502353.168437
1722502353.199473
1722502353.233032
1722502353.280437
1722502353.312769
1722502353.344317
1722502353.376850
1722502353.408388
1722502353.440430
1722502353.472573
1722502353.504101
1722502353.534660
1722502353.568419
1722502353.600639
1722502353.632093
1722502353.683385
1722502353.712853
1722502353.745895
1722502353.776915
1722502353.808456
1722502353.840210
1722502353.872745
1722502353.904277
1722502353.936336
1722502353.967465
1722502354.000571
1722502354.032180
1722502354.082777
1722502354.113921
1722502354.144968
1722502354.178514
1722502354.209563
1722502354.243602
1722502354.274134
1722502354.307662
1722502354.338747
1722502354.371292
1722502354.401434
1722502354.433285
1722502354.479125
1722502354.514303
1722502354.545341
1722502354.576403
1722502354.607910
1722502354.640014
1722502354.671911
1722502354.707441
1722502354.739050
1722502354.770024
1722502354.802563
1722502354.833755
1722502354.879241
1722502354.912540
1722502354.945111
1722502354.976645
1722502355.008657
1722502355.039275
1722502355.072321
1722502355.102858
1722502355.135906
1722502355.168079
1722502355.199601
1722502355.232871
1722502355.280420
1722502355.312466
1722502355.342567
1722502355.376103
1722502355.408150
1722502355.440701
1722502355.472425
1722502355.503961
1722502355.535500
1722502355.569196
1722502355.600721
1722502355.632621
1722502355.682803
1722502355.712015
1722502355.744584
1722502355.777119
1722502355.808651
1722502355.840640
1722502355.872187
1722502355.903738
1722502355.935538
1722502355.967068
1722502356.001181
1722502356.032717
1722502356.082631
1722502356.112696
1722502356.145230
1722502356.178264
1722502356.209784
1722502356.241854
1722502356.274392
1722502356.307660
1722502356.336701
1722502356.370705
1722502356.402472
1722502356.433308
1722502356.480858
1722502356.512259
1722502356.545297
1722502356.576848
1722502356.609703
1722502356.640913
1722502356.670660
1722502356.706713
1722502356.737272
1722502356.770036
1722502356.800560
1722502356.835594
1722502356.880154
1722502356.911665
1722502356.944688
1722502356.976429
1722502357.008387
1722502357.040020
1722502357.072528
1722502357.105664
1722502357.137055
1722502357.168389
1722502357.200926
1722502357.232002
1722502357.280074
1722502357.312608
1722502357.345137
1722502357.376501
1722502357.408045
1722502357.439323
1722502357.472589
1722502357.504123
1722502357.536496
1722502357.568177
1722502357.600714
1722502357.632252
1722502357.681348
1722502357.711883
1722502357.744434
1722502357.776971
1722502357.808503
1722502357.839882
1722502357.872931
1722502357.904428
1722502357.935472
1722502357.968498
1722502358.000468
1722502358.033015
1722502358.082459
1722502358.114112
1722502358.146152
1722502358.178115
1722502358.210685
1722502358.242339
1722502358.274204
1722502358.307748
1722502358.340296
1722502358.370834
1722502358.402116
1722502358.432640
1722502358.479895
1722502358.512381
1722502358.543614
1722502358.576738
1722502358.608782
1722502358.639386
1722502358.670432
1722502358.706020
1722502358.737576
1722502358.770631
1722502358.803164
1722502358.833685
1722502358.879244
1722502358.911781
1722502358.944839
1722502358.976376
1722502359.007907
1722502359.040017
1722502359.072548
1722502359.103606
1722502359.136147
1722502359.168340
1722502359.199866
1722502359.232404
1722502359.279954
1722502359.312071
1722502359.343411
1722502359.375973
1722502359.407655
1722502359.440599
1722502359.472698
1722502359.504060
1722502359.568896
1722502359.584414
1722502359.600430
1722502359.632967
1722502359.684085
1722502359.714863
1722502359.745904
1722502359.776986
1722502359.808234
1722502359.840724
1722502359.873672
1722502359.904986
1722502359.937520
1722502359.968365
1722502360.000396
1722502360.031936
1722502360.078578
1722502360.114128
1722502360.145050
1722502360.178588
1722502360.210633
1722502360.242902
1722502360.274438
1722502360.307485
1722502360.340178
1722502360.368706
1722502360.402244
1722502360.432788
1722502360.480960
1722502360.512002
1722502360.543522
1722502360.576718
1722502360.605761
1722502360.640357
1722502360.670856
1722502360.705398
1722502360.737938
1722502360.769980
1722502360.803515
1722502360.834050
1722502360.881100
1722502360.912635
1722502360.943680
1722502360.976216
1722502361.008255
1722502361.039619
1722502361.072217
1722502361.104752
1722502361.134769
1722502361.168458
1722502361.200513
1722502361.233058
1722502361.280151
1722502361.312720
1722502361.345279
1722502361.376810
1722502361.408343
1722502361.440366
1722502361.471921
1722502361.504511
1722502361.536542
1722502361.567637
1722502361.600812
1722502361.632858
1722502361.682567
1722502361.711620
1722502361.745409
1722502361.776957
1722502361.807479
1722502361.840532
1722502361.872574
1722502361.904105
1722502361.936644
1722502361.968673
1722502362.000314
1722502362.031839
1722502362.082902
1722502362.111936
1722502362.147126
1722502362.179982
1722502362.210793
1722502362.241368
1722502362.272917
1722502362.306451
1722502362.338843
1722502362.371974
1722502362.402502
1722502362.433035
1722502362.480859
1722502362.512000
1722502362.543568
1722502362.576566
1722502362.608095
1722502362.639625
1722502362.670784
1722502362.707661
1722502362.737838
1722502362.769862
1722502362.802459
1722502362.835517
1722502362.880491
1722502362.912033
1722502362.944091
1722502362.976168
1722502363.007907
1722502363.039462
1722502363.072395
1722502363.103928
1722502363.135979
1722502363.168527
1722502363.200570
1722502363.233118
1722502363.281180
1722502363.312227
1722502363.343342
1722502363.376328
1722502363.407928
1722502363.440333
1722502363.472047
1722502363.504090
1722502363.536629
1722502363.568331
1722502363.599359
1722502363.632325
1722502363.682873
1722502363.714426
1722502363.743006
1722502363.777894
1722502363.808455
1722502363.840319
1722502363.872527
1722502363.904056
1722502363.936408
1722502363.967954
1722502364.000395
1722502364.032323
1722502364.081954
1722502364.113489
1722502364.146916
1722502364.178448
1722502364.210988
1722502364.244062
1722502364.272824
1722502364.306359
1722502364.337895
1722502364.370931
1722502364.402208
1722502364.432412
1722502364.480824
1722502364.512353
1722502364.544253
1722502364.576787
1722502364.606843
1722502364.676180
1722502364.689193
1722502364.705711
1722502364.736807
1722502364.769848
1722502364.802381
1722502364.835922
1722502364.880008
1722502364.911926
1722502364.943964
1722502364.976121
1722502365.008265
1722502365.039802
1722502365.072328
1722502365.103362
1722502365.136964
1722502365.168334
1722502365.199874
1722502365.231943
1722502365.279920
1722502365.312453
1722502365.345069
1722502365.376107
1722502365.408310
1722502365.440344
1722502365.472362
1722502365.504391
1722502365.536315
1722502365.568308
1722502365.634310
1722502365.648330
1722502365.683533
1722502365.713814
1722502365.778428
1722502365.791440
1722502365.809139
1722502365.838686
1722502365.871725
1722502365.904258
1722502365.936793
1722502365.968909
1722502365.999857
1722502366.031006
1722502366.082594
1722502366.114134
1722502366.144626
1722502366.178175
1722502366.210415
1722502366.244165
1722502366.274494
1722502366.340854
1722502366.353375
1722502366.368892
1722502366.401441
1722502366.432982
1722502366.481074
1722502366.512171
1722502366.544327
1722502366.576197
1722502366.607737
1722502366.640990
1722502366.671547
1722502366.706643
1722502366.737725
1722502366.770272
1722502366.803481
1722502366.835550
1722502366.880098
1722502366.911639
1722502366.943706
1722502366.976758
1722502367.007802
1722502367.038832
1722502367.071819
1722502367.103403
1722502367.135027
1722502367.167792
1722502367.199525
1722502367.233061
1722502367.280233
1722502367.312770
1722502367.345028
1722502367.376297
1722502367.408330
1722502367.440455
1722502367.471652
1722502367.504437
1722502367.536457
1722502367.568310
1722502367.600851
1722502367.632388
1722502367.682631
1722502367.712112
1722502367.744705
1722502367.777306
1722502367.808845
1722502367.840171
1722502367.870707
1722502367.904249
1722502367.936278
1722502367.967831
1722502368.000439
1722502368.030979
1722502368.079634
1722502368.112673
1722502368.145202
1722502368.178237
1722502368.209777
1722502368.240805
1722502368.272345
1722502368.305889
1722502368.338011
1722502368.369676
1722502368.401212
1722502368.430749
1722502368.480942
1722502368.512444
1722502368.544498
1722502368.576534
1722502368.608089
1722502368.639630
1722502368.671186
1722502368.703899
1722502368.738249
1722502368.770292
1722502368.802347
1722502368.834784
1722502368.880835
1722502368.912287
1722502368.944302
1722502368.976233
1722502369.008270
1722502369.040220
1722502369.072276
1722502369.103816
1722502369.134856
1722502369.168284
1722502369.199595
1722502369.233140
1722502369.279974
1722502369.312505
1722502369.344051
1722502369.376084
1722502369.407451
1722502369.440683
1722502369.472766
1722502369.503794
1722502369.536106
1722502369.568646
1722502369.600183
1722502369.632218
1722502369.682782
1722502369.712486
1722502369.746025
1722502369.776840
1722502369.808414
1722502369.839469
1722502369.872024
1722502369.904055
1722502369.935831
1722502369.968617
1722502370.001153
1722502370.032208
1722502370.080713
1722502370.112769
1722502370.147380
1722502370.179915
1722502370.210440
1722502370.242966
1722502370.273404
1722502370.306694
1722502370.339753
1722502370.371283
1722502370.401816
1722502370.433357
1722502370.480972
1722502370.512316
1722502370.544385
1722502370.576148
1722502370.607726
1722502370.637722
1722502370.670770
1722502370.705010
1722502370.738262
1722502370.770689
1722502370.803222
1722502370.833642
1722502370.879725
1722502370.912264
1722502370.944177
1722502370.976000
1722502371.008084
1722502371.040133
1722502371.072329
1722502371.102872
1722502371.135944
1722502371.168499
1722502371.200992
1722502371.232899
1722502371.280048
1722502371.312581
1722502371.344619
1722502371.376163
1722502371.407926
1722502371.440257
1722502371.472260
1722502371.538277
1722502371.553877
1722502371.568891
1722502371.600426
1722502371.632426
1722502371.682623
1722502371.711653
1722502371.745916
1722502371.776492
1722502371.808179
1722502371.839714
1722502371.871814
1722502371.904367
1722502371.935902
1722502371.966940
1722502372.000006
1722502372.032476
1722502372.081943
1722502372.113477
1722502372.146139
1722502372.178174
1722502372.210721
1722502372.242254
1722502372.274294
1722502372.306601
1722502372.339139
1722502372.370669
1722502372.401784
1722502372.433257
1722502372.480125
1722502372.512319
1722502372.542773
1722502372.609153
1722502372.622166
1722502372.640195
1722502372.671246
1722502372.703820
1722502372.737767
1722502372.770343
1722502372.802455
1722502372.834704
1722502372.880143
1722502372.911175
1722502372.942718
1722502372.976755
1722502373.006805
1722502373.040340
1722502373.072166
1722502373.103708
1722502373.136133
1722502373.168401
1722502373.200445
1722502373.232979
1722502373.280548
1722502373.312594
1722502373.342931
1722502373.376465
1722502373.408004
1722502373.473798
1722502373.489827
1722502373.504083
1722502373.536120
1722502373.568106
1722502373.600682
1722502373.631720
1722502373.683679
1722502373.714755
1722502373.744235
1722502373.777277
1722502373.808251
1722502373.838807
1722502373.872001
1722502373.904071
1722502373.935662
1722502373.968703
1722502373.999248
1722502374.030920
1722502374.082069
1722502374.113162
1722502374.147610
1722502374.178647
1722502374.210183
1722502374.242717
1722502374.274258
1722502374.306804
1722502374.339561
1722502374.368588
1722502374.435242
1722502374.447252
1722502374.480837
1722502374.512396
1722502374.543947
1722502374.576484
1722502374.606704
1722502374.638255
1722502374.671257
1722502374.703892
1722502374.738277
1722502374.770319
1722502374.802370
1722502374.833674
1722502374.880223
1722502374.912403
1722502374.944404
1722502374.975945
1722502375.008482
1722502375.040336
1722502375.070913
1722502375.103217
1722502375.134758
1722502375.167788
1722502375.199843
1722502375.231372
1722502375.279946
1722502375.312480
1722502375.344594
1722502375.376133
1722502375.408162
1722502375.440211
1722502375.471954
1722502375.504003
1722502375.536033
1722502375.568589
1722502375.600214
1722502375.632213
1722502375.682965
1722502375.711993
1722502375.746034
1722502375.777104
1722502375.808379
1722502375.838913
1722502375.872957
1722502375.904492
1722502375.936258
1722502375.968212
1722502375.999762
1722502376.032297
1722502376.082940
1722502376.112152
1722502376.146197
1722502376.178573
1722502376.210005
1722502376.244174
1722502376.274458
1722502376.305989
1722502376.339534
1722502376.371137
1722502376.402177
1722502376.432607
